# this file has 37 nodes, 87 edges
1
2
3
4
5
6
7
8
9
10
11
12
13
14
15
16
17
18
19
20
21
22
23
24
25
26
27
28
29
30
31
32
33
34
35
36
37
1 2
1 4
1 6
1 7
6 8
6 9
6 10
6 11
6 7
6 12
15 13
13 16
13 8
13 10
16 8
19 16
20 21
20 19
18 16
18 19
18 20
22 26
27 22
29 28
28 25
28 24
25 30
25 31
25 22
25 26
31 33
32 33
32 31
34 18
24 36
24 25
24 29
23 22
23 25
23 14
23 35
23 9
23 32
37 23
17 18
17 16
17 21
14 35
14 24
14 31
14 36
14 25
14 32
11 13
11 10
9 27
9 37
9 22
9 12
9 35
8 10
5 9
5 6
5 11
5 12
5 13
4 18
4 5
4 13
4 6
4 19
4 34
4 25
4 16
4 30
3 14
3 35
3 9
3 24
3 28
3 36
2 3
2 4
2 6
2 7
2 28
2 9
