# this file has 46 nodes, 103 edges
1
2
3
4
5
6
7
8
9
10
11
12
13
14
15
16
17
18
19
20
21
22
23
24
25
26
27
28
29
30
31
32
33
34
35
36
37
38
39
40
41
42
43
44
45
46
1 5
1 6
1 10
1 11
13 12
16 17
18 16
18 21
22 24
25 21
26 21
27 20
20 26
20 25
20 21
28 20
28 27
17 29
33 30
30 34
30 12
35 30
36 30
36 35
34 36
32 30
31 30
11 12
37 11
38 11
11 19
11 39
11 40
41 11
11 36
11 14
11 18
11 13
11 16
42 11
11 15
43 11
11 17
44 11
11 20
11 29
11 28
11 21
11 23
11 22
45 40
46 39
10 11
10 24
9 30
9 34
9 33
9 36
9 11
9 15
8 14
8 15
7 11
7 40
7 46
7 19
7 39
6 32
6 31
6 30
6 9
6 11
6 15
5 6
5 10
5 45
5 11
5 14
5 15
4 40
4 37
4 46
4 38
4 41
4 45
4 11
4 18
4 16
4 42
4 43
4 17
4 44
4 20
4 29
4 28
4 21
4 23
4 22
3 11
3 14
3 15
2 11
2 14
