# this file has 31 nodes, 76 edges
1
2
3
4
5
6
7
8
9
10
11
12
13
14
15
16
17
18
19
20
21
22
23
24
25
26
27
28
29
30
31
1 6
1 7
14 15
14 16
18 20
23 20
19 23
19 18
19 24
19 21
19 25
19 26
19 22
19 20
17 27
15 24
15 27
15 29
15 25
15 26
15 19
15 17
15 22
15 28
15 30
15 20
15 18
13 15
13 31
13 22
13 28
12 14
12 15
12 24
12 16
12 21
12 19
11 14
11 15
11 16
11 21
11 26
11 19
10 15
10 24
10 19
10 18
9 23
9 15
9 29
9 19
9 22
9 28
8 19
8 17
8 30
8 15
8 25
8 22
7 15
7 30
7 17
6 7
6 15
6 27
5 15
5 25
5 19
4 19
4 15
3 15
3 31
3 28
2 15
2 27
2 17
