# this file has 71 nodes, 159 edges
1
2
3
4
5
6
7
8
9
10
11
12
13
14
15
16
17
18
19
20
21
22
23
24
25
26
27
28
29
30
31
32
33
34
35
36
37
38
39
40
41
42
43
44
45
46
47
48
49
50
51
52
53
54
55
56
57
58
59
60
61
62
63
64
65
66
67
68
69
70
71
1 2
1 3
1 4
4 5
4 6
5 7
8 10
8 11
8 12
8 14
14 15
17 14
17 18
17 19
17 15
17 20
20 22
20 23
28 23
30 28
32 30
33 32
35 38
38 40
42 23
45 39
45 41
45 43
46 37
46 45
47 49
47 50
50 52
50 53
50 54
50 44
54 44
55 22
55 58
55 59
55 44
55 60
60 53
61 63
61 19
61 59
64 66
64 67
64 68
64 52
64 58
64 63
64 62
69 64
69 52
68 53
67 70
66 62
65 69
65 49
65 64
65 9
65 13
65 66
62 61
62 18
62 63
58 61
58 70
58 63
58 59
58 60
58 68
58 53
53 41
52 68
52 53
52 39
51 57
51 50
51 54
49 50
49 69
49 52
48 65
48 47
48 49
44 53
44 60
41 43
39 41
37 39
37 45
36 25
36 27
36 35
34 33
31 38
29 40
27 23
27 35
27 38
27 40
26 23
26 42
26 54
26 32
26 30
26 28
26 71
25 23
25 42
25 32
25 30
25 28
25 35
25 38
25 40
25 71
24 23
24 42
22 44
22 42
22 23
22 26
21 55
21 20
21 22
21 61
21 59
19 20
18 19
16 25
16 36
16 24
16 27
15 18
13 15
13 66
13 62
12 51
12 54
11 14
10 11
10 47
10 12
10 51
10 50
9 13
7 48
7 65
7 9
7 10
7 47
7 11
3 5
3 6
2 6
2 56
