# this file has 67 nodes, 131 edges
1
2
3
4
5
6
7
8
9
10
11
12
13
14
15
16
17
18
19
20
21
22
23
24
25
26
27
28
29
30
31
32
33
34
35
36
37
38
39
40
41
42
43
44
45
46
47
48
49
50
51
52
53
54
55
56
57
58
59
60
61
62
63
64
65
66
67
1 2
1 5
6 7
6 9
9 11
9 12
9 13
9 14
9 15
16 9
15 20
21 15
23 20
25 22
28 29
28 30
28 32
33 36
33 32
39 36
40 39
40 38
40 37
40 36
41 40
41 42
41 43
43 44
43 47
48 43
48 51
52 48
53 48
51 47
50 51
50 48
49 54
49 48
49 50
49 31
54 31
54 56
54 57
57 56
58 56
59 35
59 34
61 59
62 59
59 55
60 33
60 30
60 28
60 29
63 60
60 59
47 48
47 52
47 53
46 43
46 42
45 43
45 46
45 44
42 44
42 47
41 48
38 36
37 36
35 58
35 33
34 57
34 58
34 56
31 27
31 34
31 59
31 61
31 62
31 55
64 30
29 63
29 30
29 64
27 59
27 47
27 29
24 22
19 13
19 22
18 19
18 23
18 65
18 13
18 21
18 15
66 67
17 65
17 66
17 13
17 21
17 25
17 15
17 24
14 67
13 15
13 20
12 26
12 27
11 60
11 26
11 27
10 67
8 11
8 13
7 10
7 11
7 12
7 13
7 14
7 9
7 16
5 19
5 18
5 17
4 49
4 50
3 7
3 8
2 17
2 18
