# this file has 61 nodes, 115 edges
1
2
3
4
5
6
7
8
9
10
11
12
13
14
15
16
17
18
19
20
21
22
23
24
25
26
27
28
29
30
31
32
33
34
35
36
37
38
39
40
41
42
43
44
45
46
47
48
49
50
51
52
53
54
55
56
57
58
59
60
61
1 3
1 6
6 7
6 8
9 10
9 12
13 9
9 15
16 20
22 20
23 21
23 24
24 25
24 26
24 27
28 24
28 30
31 28
28 32
33 28
33 34
33 35
33 32
36 35
36 39
38 30
38 40
38 27
42 40
43 42
43 41
43 40
44 43
44 45
46 47
51 44
51 53
54 51
53 48
52 29
52 49
52 53
52 50
52 51
50 46
50 45
49 46
49 50
49 47
48 51
48 54
45 47
45 48
41 40
55 26
55 38
55 25
56 55
37 30
37 36
37 28
37 31
37 32
34 35
34 39
30 39
30 34
29 33
29 51
29 28
27 28
26 56
57 26
25 26
25 57
19 22
19 16
18 14
18 16
18 58
18 59
18 19
18 22
18 60
60 61
59 61
58 14
17 58
17 23
17 21
17 60
17 14
14 16
14 20
12 55
11 61
10 61
8 11
8 14
8 16
7 10
7 11
7 9
7 12
7 13
7 14
7 15
5 18
5 19
4 52
4 29
3 7
3 8
2 17
2 18
