# this file has 84 nodes, 162 edges
1
2
3
4
5
6
7
8
9
10
11
12
13
14
15
16
17
18
19
20
21
22
23
24
25
26
27
28
29
30
31
32
33
34
35
36
37
38
39
40
41
42
43
44
45
46
47
48
49
50
51
52
53
54
55
56
57
58
59
60
61
62
63
64
65
66
67
68
69
70
71
72
73
74
75
76
77
78
79
80
81
82
83
84
1 2
1 4
1 5
6 7
6 8
9 11
9 13
17 18
19 23
19 24
19 25
19 26
19 27
19 28
19 29
19 31
19 32
19 33
19 34
19 35
19 36
19 37
19 38
19 39
19 40
19 41
19 42
42 45
45 46
45 48
48 51
53 48
53 46
54 53
54 56
54 49
56 50
55 57
55 58
58 26
58 59
58 60
62 29
62 64
65 64
65 62
66 65
65 29
67 68
67 58
67 60
68 71
71 72
70 72
69 68
69 59
63 75
77 75
79 21
79 22
79 13
78 82
78 75
78 21
78 16
78 22
82 83
81 83
74 81
74 82
74 77
74 13
74 20
74 63
74 16
59 70
59 71
59 72
57 58
57 60
57 72
57 71
52 48
52 53
52 51
50 46
49 38
49 28
49 42
49 56
49 48
49 50
49 61
47 73
46 51
44 25
44 26
44 30
43 24
43 29
43 39
84 33
84 37
36 47
34 73
34 47
32 69
30 58
30 69
29 39
29 40
29 66
29 24
28 50
27 73
27 47
26 67
24 64
22 80
21 18
18 23
18 29
18 30
18 31
18 32
18 33
18 34
18 35
18 36
18 37
18 38
18 39
18 40
18 41
16 80
15 19
15 44
14 76
14 61
13 16
13 20
13 80
12 76
12 61
11 83
10 83
8 10
8 11
8 13
8 14
7 10
7 12
7 14
7 15
7 17
5 78
5 74
3 7
3 8
2 74
2 4
2 78
