# this file has 57 nodes, 109 edges
1
2
3
4
5
6
7
8
9
10
11
12
13
14
15
16
17
18
19
20
21
22
23
24
25
26
27
28
29
30
31
32
33
34
35
36
37
38
39
40
41
42
43
44
45
46
47
48
49
50
51
52
53
54
55
56
57
1 2
1 3
1 4
1 5
6 8
6 9
9 10
9 11
13 9
9 14
9 15
9 16
15 20
15 21
23 20
24 22
24 25
25 26
25 27
25 29
30 29
30 32
36 34
36 35
37 28
37 36
37 34
37 39
38 40
38 41
38 37
38 28
41 42
41 43
41 40
41 44
44 45
48 45
47 45
49 47
49 46
46 50
43 46
43 47
42 46
42 43
42 50
40 49
40 46
40 45
40 44
40 48
33 32
33 31
52 33
33 39
51 27
51 33
51 30
51 26
53 51
31 34
31 36
31 35
28 25
28 29
28 33
28 52
28 39
27 53
54 27
26 27
26 54
19 23
19 14
19 15
19 22
18 23
18 55
18 19
18 56
18 15
18 21
17 22
17 55
17 14
17 56
17 15
17 21
17 24
14 15
12 51
11 57
10 57
8 10
8 14
8 11
8 15
7 11
7 9
7 13
7 14
7 16
5 19
5 18
4 38
4 41
2 18
2 17
